a=0	b=3
True Value=9
10	11.9542	-2.95425
20	10.4127	-1.41272
30	8.9975	0.0025
40	8.99859	0.00140625
50	8.9991	0.0009
60	9.45691	-0.456906
70	9.39078	-0.390785
80	8.99965	0.000351562
90	9.30306	-0.303065
100	9.27248	-0.272482

a=1	b=5
True Value=41.3333
10	41.28	0.0533333
20	41.32	0.0133333
30	41.3274	0.00592593
40	43.8803	-2.54692
50	41.3312	0.00213333
60	41.3319	0.00148148
70	42.7772	-1.44386
80	42.595	-1.2617
90	42.4537	-1.12035
100	41.3328	0.000533333

a=3	b=9
True Value=234
10	285.714	-51.714
20	233.955	0.045
30	233.98	0.02
40	233.989	0.01125
50	243.843	-9.84283
60	242.185	-8.18525
70	241.005	-7.00546
80	233.997	0.0028125
90	239.438	-5.43785
100	238.891	-4.89065

a=-1	b=9
True Value=243.333
10	242.5	0.833333
20	243.125	0.208333
30	271.25	-27.9167
40	243.281	0.0520833
50	243.3	0.0333333
60	243.31	0.0231481
70	243.316	0.0170068
80	243.32	0.0130208
90	252.434	-9.10117
100	251.515	-8.18192

